2.956745624542236328e+00 -5.491237640380859375e+00 0.000000000000000000e+00 0.000000000000000000e+00 0.000000000000000000e+00 -7.071067811865475244e-01 7.071067811865475244e-01    # J, pause
2.860595464706420898e+00 -1.041504096984863281e+01 0.000000000000000000e+00 0.000000000000000000e+00 0.000000000000000000e+00 0.000000000000000000e+00 1.000000000000000000e+00     # None, via
1.027858543395996094e+01 -1.089105701446533203e+01 0.000000000000000000e+00 0.000000000000000000e+00 0.000000000000000000e+00 -7.071067811865475244e-01 7.071067811865475244e-01    # None, via
1.073287487030029297e+01 -2.979194259643554688e+01 0.000000000000000000e+00 0.000000000000000000e+00 0.000000000000000000e+00 -7.071067811865475244e-01 7.071067811865475244e-01    # None, via
1.070983219146728516e+01 -3.133636665344238281e+01 0.000000000000000000e+00 0.000000000000000000e+00 0.000000000000000000e+00 1.000000000000000000e+00 0.000000000000000000e+00     # None, via
7.616993904113769531e+00 -3.128991889953613281e+01 0.000000000000000000e+00 0.000000000000000000e+00 0.000000000000000000e+00 1.000000000000000000e+00 0.000000000000000000e+00     # K, pause
3.327916860580444336e+00 -3.101122283935546875e+01 0.000000000000000000e+00 0.000000000000000000e+00 0.000000000000000000e+00 9.198201913865940993e-01 -3.923401783115381125e-01    # None, via
2.268847465515136719e+00 -3.200987243652343750e+01 0.000000000000000000e+00 0.000000000000000000e+00 0.000000000000000000e+00 1.000000000000000000e+00 0.000000000000000000e+00     # None, via
2.051410675048828125e-01 -3.192278289794921875e+01 0.000000000000000000e+00 0.000000000000000000e+00 0.000000000000000000e+00 -7.071067811865475244e-01 7.071067811865475244e-01    # L, pause, 5.0
2.051410675048828125e-01 -3.192278289794921875e+01 0.000000000000000000e+00 0.000000000000000000e+00 0.000000000000000000e+00 7.071067811865475244e-01 7.071067811865475244e-01     # None, via
1.732074618339538574e-01 -3.204470825195312500e+01 0.000000000000000000e+00 0.000000000000000000e+00 0.000000000000000000e+00 0.000000000000000000e+00 1.000000000000000000e+00     # None, via
2.446296691894531250e+00 -3.191117286682128906e+01 0.000000000000000000e+00 0.000000000000000000e+00 0.000000000000000000e+00 4.360817743341049990e-01 8.999070430292335221e-01     # None, via
3.704224824905395508e+00 -3.065124702453613281e+01 0.000000000000000000e+00 0.000000000000000000e+00 0.000000000000000000e+00 0.000000000000000000e+00 1.000000000000000000e+00     # None, via
1.077351760864257812e+01 -3.095316886901855469e+01 0.000000000000000000e+00 0.000000000000000000e+00 0.000000000000000000e+00 7.071067811865475244e-01 7.071067811865475244e-01     # None, via
1.063502502441406250e+01 -3.438152790069580078e+00 0.000000000000000000e+00 0.000000000000000000e+00 0.000000000000000000e+00 7.071067811865475244e-01 7.071067811865475244e-01     # M, pause
1.065478801727294922e+01 -2.611160278320312500e-02 0.000000000000000000e+00 0.000000000000000000e+00 0.000000000000000000e+00 1.000000000000000000e+00 0.000000000000000000e+00     # None, via
5.011407375335693359e+00 1.448588371276855469e-01 0.000000000000000000e+00 0.000000000000000000e+00 0.000000000000000000e+00 1.000000000000000000e+00 0.000000000000000000e+00      # N, pause
2.855326890945434570e+00 1.007370948791503906e-01 0.000000000000000000e+00 0.000000000000000000e+00 0.000000000000000000e+00 -7.071067811865475244e-01 7.071067811865475244e-01     # None, cycle
