1.072474002838134766e+00 3.950352370738983154e-01 0.000000000000000000e+00 0.000000000000000000e+00 0.000000000000000000e+00 -7.087649062351598639e-01 7.054447587794987484e-01 1.0
9.630239009857177734e-01 -7.693199515342712402e-01 0.000000000000000000e+00 0.000000000000000000e+00 0.000000000000000000e+00 9.975279656002797868e-01 7.027060441868271390e-02 1.0
-1.192427515983581543e+00 -7.799257636070251465e-01 0.000000000000000000e+00 0.000000000000000000e+00 0.000000000000000000e+00 6.873743167649892793e-01 7.263033447891206196e-01 1.0
-9.233203625679016113e-01 3.179092407226562500e-01 0.000000000000000000e+00 0.000000000000000000e+00 0.000000000000000000e+00 5.509655639937687671e-02 9.984810311032104035e-01 1.0
0.0453101396561 0.00364243984222 0.0 0.0 0.0 -0.032842760778 0.999460531019 0.0
1.286542177200317383e+00 6.087739133834838867e-01 0.000000000000000000e+00 0.000000000000000000e+00 0.000000000000000000e+00 4.067967549074609224e-01 9.135186917610165214e-01 1.0
1.745853543281555176e+00 1.130091806411743164e+00 0.000000000000000000e+00 0.000000000000000000e+00 0.000000000000000000e+00 3.832683689093213109e-01 9.236370268636854286e-01 1.0
1.864567041397094727e+00 1.459332733154296875e+00 0.000000000000000000e+00 0.000000000000000000e+00 0.000000000000000000e+00 6.613569533462581029e-01 7.500713167829812233e-01 1.0
1.755782475471496582e+00 2.855507850646972656e+00 0.000000000000000000e+00 0.000000000000000000e+00 0.000000000000000000e+00 7.086512323061620044e-01 7.055589493096648956e-01 1.0
1.557739892005920410e+00 3.780413532257080078e+00 0.000000000000000000e+00 0.000000000000000000e+00 0.000000000000000000e+00 7.086512323061620044e-01 7.055589493096648956e-01 1.0
