1.824850559234619141e+00 2.446069240570068359e+00 0.000000000000000000e+00 0.000000000000000000e+00 0.000000000000000000e+00 -6.975731935691269481e-01 7.165135306564485163e-01 # Entrance, via
1.840435981750488281e+00 1.267195463180541992e+00 0.000000000000000000e+00 0.000000000000000000e+00 0.000000000000000000e+00 -7.055696402488215169e-01 7.086405878575883222e-01 # None, via
1.745853543281555176e+00 1.260091806411743164e+00 0.000000000000000000e+00 0.000000000000000000e+00 0.000000000000000000e+00 9.236370268636854286e-01 -3.832683689093213109e-01 # None, via
7.016456723213195801e-01 9.789659500122070312e-02 0.000000000000000000e+00 0.000000000000000000e+00 0.000000000000000000e+00 9.650191474079560239e-01 -2.621794140202883261e-01 # None, via
0.0453101396561 0.00364243984222 0.0 0.0 0.0 -0.032842760778 0.999460531019 # LivingRm, via
4.597351551055908203e-01 8.094201087951660156e-01 0.000000000000000000e+00 0.000000000000000000e+00 0.000000000000000000e+00 3.100568321178266695e-02 9.995192082239193754e-01 # Loc1, pause, 9.00
1.061239242553710938e+00 7.730219364166259766e-01 0.000000000000000000e+00 0.000000000000000000e+00 0.000000000000000000e+00 6.240318010397656601e-02 9.980510222994166680e-01 # Loc1, pause, 9.00
1.225744009017944336e+00 2.016199678182601929e-01 0.000000000000000000e+00 0.000000000000000000e+00 0.000000000000000000e+00 -6.903903868991202453e-01 7.234370143124300157e-01 # Loc1, pause, 1.200
1.293334364891052246e+00 -7.723724842071533203e-01 0.000000000000000000e+00 0.000000000000000000e+00 0.000000000000000000e+00 -6.982906401540130981e-01 7.158143487478429989e-01 # Loc1, pause, 2.400
7.243829965591430664e-01 -9.514163732528686523e-01 0.000000000000000000e+00 0.000000000000000000e+00 0.000000000000000000e+00 9.999997441882576554e-01 7.152785606977998941e-04 # Loc1, pause, 9.00
-4.532951116561889648e-02 -1.014012336730957031e+00 0.000000000000000000e+00 0.000000000000000000e+00 0.000000000000000000e+00 9.999849139877378112e-01 5.492886029835109853e-03 # Loc1, pause, 9.00
-7.263092398643493652e-01 -8.627078533172607422e-01 0.000000000000000000e+00 0.000000000000000000e+00 0.000000000000000000e+00 9.277729980407216637e-01 3.731450979264379630e-01 # Loc1, pause, 1.800
-1.287484169006347656e+00 -3.097190856933593750e-01 0.000000000000000000e+00 0.000000000000000000e+00 0.000000000000000000e+00 7.267400277070330539e-01 6.869126087999701813e-01 # Loc1, pause, 2.400
-1.315629839897155762e+00 3.754907846450805664e-01 0.000000000000000000e+00 0.000000000000000000e+00 0.000000000000000000e+00 1.855877719871268372e-02 9.998277710630408821e-01 # Loc1, pause, 1.500
-4.380173683166503906e-01 8.719800710678100586e-01 0.000000000000000000e+00 0.000000000000000000e+00 0.000000000000000000e+00 2.552099323581471027e-02 9.996742864074565915e-01 # Loc1, pause, 1.500
0.0453101396561 0.00364243984222 0.0 0.0 0.0 -0.032842760778 0.999460531019 # None, via
1.286542177200317383e+00 6.087739133834838867e-01 0.000000000000000000e+00 0.000000000000000000e+00 0.000000000000000000e+00 4.067967549074609224e-01 9.135186917610165214e-01 # Corridor, pause, 1.8
1.745853543281555176e+00 1.130091806411743164e+00 0.000000000000000000e+00 0.000000000000000000e+00 0.000000000000000000e+00 3.832683689093213109e-01 9.236370268636854286e-01 # Loc5, pause, 1.8
1.864567041397094727e+00 1.459332733154296875e+00 0.000000000000000000e+00 0.000000000000000000e+00 0.000000000000000000e+00 6.613569533462581029e-01 7.500713167829812233e-01 # Loc6, pause, 1.8
1.755782475471496582e+00 2.855507850646972656e+00 0.000000000000000000e+00 0.000000000000000000e+00 0.000000000000000000e+00 7.086512323061620044e-01 7.055589493096648956e-01 # Loc7, pause, 1.8
1.557739892005920410e+00 3.780413532257080078e+00 0.000000000000000000e+00 0.000000000000000000e+00 0.000000000000000000e+00 7.086512323061620044e-01 7.055589493096648956e-01 # Loc8, pause, 1.8
1.557739892005920410e+00 3.780413532257080078e+00 0.000000000000000000e+00 0.000000000000000000e+00 0.000000000000000000e+00 7.086512323061620044e-01 7.055589493096648956e-01 # BedRm1Enter, gotoAndProceed, 'Bedroom1Door.txt', 0
1.387514567375183105e+00 7.161053180694580078e+00 0.000000000000000000e+00 0.000000000000000000e+00 0.000000000000000000e+00 9.997864307966251030e-01 -2.066622352886842220e-02 # None, via
1.387514567375183105e+00 7.161053180694580078e+00 0.000000000000000000e+00 0.000000000000000000e+00 0.000000000000000000e+00 9.997864307966251030e-01 -2.066622352886842220e-02 # Loc9, pause, 300
1.510642290115356445e+00 6.316796779632568359e+00 0.000000000000000000e+00 0.000000000000000000e+00 0.000000000000000000e+00 -6.930597094900398103e-01 7.208801835822522541e-01 # Loc10, pause, 300
1.510642290115356445e+00 6.316796779632568359e+00 0.000000000000000000e+00 0.000000000000000000e+00 0.000000000000000000e+00 -6.930597094900398103e-01 7.208801835822522541e-01 # BedRm1Exit, gotoAndProceed, 'Bedroom1Door.txt', 1
1.528047413825988770e+00 4.054911308288574219e+00 0.000000000000000000e+00 0.000000000000000000e+00 0.000000000000000000e+00 7.055589493096648956e-01 -7.086512323061620044e-01 # None, via
2.514346599578857422e+00 3.946706991195678711e+00 0.000000000000000000e+00 0.000000000000000000e+00 0.000000000000000000e+00 -3.666171772648169624e-01 9.303718855029841084e-01 # None, via
2.629528760910034180e+00 4.107840614318847656e+00 0.000000000000000000e+00 0.000000000000000000e+00 0.000000000000000000e+00 9.996884664235640150e-01 -2.495936897645328195e-02 # Loc11, pause, 300
1.667242288589477539e+00 4.395381965637207031e+00 0.000000000000000000e+00 0.000000000000000000e+00 0.000000000000000000e+00 9.996884664235640150e-01 -2.495936897645328195e-02 # BedRm2Enter, gotoAndProceed, 'Bedroom2Door.txt', 0
-3.098583817481994629e-01 4.551946640014648438e+00 0.000000000000000000e+00 0.000000000000000000e+00 0.000000000000000000e+00 9.249528224521378350e-01 3.800819335851469138e-01 # None, via
-3.098583817481994629e-01 4.551946640014648438e+00 0.000000000000000000e+00 0.000000000000000000e+00 0.000000000000000000e+00 9.249528224521378350e-01 3.800819335851469138e-01 # Loc12, pause, 240
-4.048076272010803223e-01 5.723827362060546875e+00 0.000000000000000000e+00 0.000000000000000000e+00 0.000000000000000000e+00 7.283215404439927765e-01 6.852355315694664828e-01 # Loc13, pause, 180
-8.085056543350219727e-01 6.815348148345947266e+00 0.000000000000000000e+00 0.000000000000000000e+00 0.000000000000000000e+00 9.996703167175491345e-01 -2.567601748392927402e-02 # Loc14, pause, 180
-1.242730259895324707e+00 5.911793231964111328e+00 0.000000000000000000e+00 0.000000000000000000e+00 0.000000000000000000e+00 -6.779314290534919074e-01 7.351251441091444239e-01 # Loc15, pause, 180
-5.039417743682861328e-01 4.328718223571777344e+00 0.000000000000000000e+00 0.000000000000000000e+00 0.000000000000000000e+00 2.478935324545316135e-02 9.996926967651970086e-01 # BedRm2Exit, gotoAndProceed, 'Bedroom2Door.txt', 1
1.687642049789428711e+00 4.375269859313964844e+00 0.000000000000000000e+00 0.000000000000000000e+00 0.000000000000000000e+00 -1.924342326867184080e-02 -9.998148281861510833e-01 # None, via
1.771909236907958984e+00 3.889894008636474609e+00 0.000000000000000000e+00 0.000000000000000000e+00 0.000000000000000000e+00 -6.817864629333856286e-01 7.315512415140742464e-01 # None, via
1.820435981750488281e+00  2.386069240570068359e+00 0.000000000000000000e+00 0.000000000000000000e+00 0.000000000000000000e+00 -7.055696402488215169e-01 7.086405878575883222e-01 # Loc16, pause, 60.0
1.824850559234619141e+00 2.446069240570068359e+00 0.000000000000000000e+00 0.000000000000000000e+00 0.000000000000000000e+00 -6.975731935691269481e-01 7.165135306564485163e-01 # Entrance, end
