-7.36496496201 -4.20741415024 0.0
-7.34924697876 -3.4592397213 0.0
-7.41840648651 -2.75036048889 0.0
-7.36601257324 -2.21175765991 0.0
-7.10509490967 -1.6762996912 0.0
-6.76191902161 -1.14241337776 0.0
-6.37997341156 -0.776185035706 0.0
-5.70619678497 -0.3748524189 0.0
-5.03661155701 -0.139083385468 0.0
-4.45399951935 -0.109219312668 0.0
---
-4.00446605682 -0.492737531662 0.0
-2.84028911591 -0.474399805069 0.0
-1.85005843639 -0.868920564651 0.0
-1.19199931622 -1.1733250618 0.0
-0.958325982094 -1.96812927723 0.0
-0.682737588882 -2.72259092331 0.0
-0.664924025536 -3.88676786423 0.0
-0.566615462303 -5.17758798599 0.0
-0.510020256042 -6.50967693329 0.0
-0.489758968353 -7.54966068268 0.0
---
0.585758924484 -7.86309099197 0.0
1.11722874641 -8.28973388672 0.0
1.39292216301 -9.04448413849 0.0
1.48903894424 -10.5034856796 0.0
1.47226381302 -11.3338699341 0.0
1.12291312218 -12.0262231827 0.0
0.576811313629 -12.3478040695 0.0
-0.213756799698 -12.3331241608 0.0
-0.875669836998 -12.1520175934 0.0
-1.62048649788 -11.9717102051 0.0
-2.45231175423 -11.9549379349 0.0
-3.36695289612 -11.9360685349 0.0
-4.40634155273 -11.9130067825 0.0
-5.32098293304 -11.8941373825 0.0
-6.01967430115 -11.5083618164 0.0
-6.63397789001 -11.0387229919 0.0
-7.1182923317 -10.3174962997 0.0
-7.18852758408 -9.65287208557 0.0
-7.12789201736 -8.78056621552 0.0
-7.15671539307 -8.15589904785 0.0
---

