-1.88693189621 -2.470454216 1.60615360432
-1.90222787857 -2.18207502365 1.57400925148
-1.91898822784 -1.91232061386 1.54837001292
-1.90481376648 -1.67142236233 1.4314717795
-1.83870816231 -1.52133119106 1.07405755777
-1.80546593666 -1.28221714497 0.78249086784
-1.68379509449 -1.1538476944 0.556095051366
-1.49973845482 -1.07113385201 0.51703573369
-1.29559075832 -0.96891784668 0.472230422298
-1.03376972675 -0.807322978973 0.014737511648
-0.731468319893 -0.828779220581 0.0952025550569
-0.307424068451 -0.855152368546 0.0389630646194
0.111665248871 -0.867447137833 0.00278930810495
0.426108598709 -0.833983182907 0.0539716701089
0.752177715302 -0.851213216782 -0.0863628054557
1.05939626694 -0.852452516556 -0.206310107864
1.03591656685 -0.584110498428 1.16387106303
1.1227722168 -0.225630432367 1.36343249143
1.19059419632 0.0970886349678 1.36249084105
1.17511820793 0.359387636185 1.60905844893
1.19999527931 0.592699706554 2.69113656746
0.918313264847 0.602520644665 -3.09560100721
0.707451045513 0.550226271152 3.10675335092
0.295894920826 0.610662579536 3.05106826902
-0.0765717029572 0.758431494236 3.09458450894
-0.37687587738 0.784144878387 -2.8700036812
-0.488195896149 0.676278054714 -2.5843809948
-0.641484200954 0.448830664158 -1.92974726331
-0.709779798985 0.311446607113 -1.41318523129
-0.719498634338 0.0368947386742 -1.40991113189
-0.471871852875 -0.127947688103 -0.363388264492
-0.143877923489 -0.217897623777 -0.341430192139
0.143468439579 -0.276718050241 -0.201715768969
0.28017693758 -0.0990686118603 1.38567719037
0.326045632362 0.145803928375 2.16065759023
